
==================================================================================================================================
[RTC+B 전체 (2025-12-05~2026-07-23)]  대상 224개 자원 (>= 10.0MW, >= 150일)
--- 최적화율 Top 10 ---
 rank      resource           sp      mw   dur  days   opt  opt_energy  opt_as  P_capture  Q_cycles   PxQ  util_mw           rev    energy_rev        as_rev            tb
    1   WFTANK_ESR1  WFTANK_ESS1 155.000 1.116   172 0.925       0.394   0.532      0.393     1.002 0.394    0.047 1,655,125.904   704,186.321   950,939.583 1,788,869.883
    2   FALFUR_ESR2   FALFUR_RN2  10.000 1.152   172 0.847       0.267   0.579      0.397     0.673 0.267    0.032    94,962.243    29,973.204    64,989.038   112,177.695
    3 CARN_ESS_ESR1  CARN_ESS_RN 150.000 2.000   172 0.831       0.445   0.386      0.319     1.395 0.445    0.116 2,130,296.490 1,140,043.482   990,253.008 2,563,290.268
    4 BOCO_ESS_ESR1  BOCO_ESS_RN 154.000 1.948   172 0.831       0.679   0.152      0.586     1.159 0.679    0.094 3,161,452.698 2,582,330.450   579,122.248 3,805,913.246
    5 MUSTNGCK_ESR1 MUSTNGCK_ALL  71.000 1.176   172 0.825       0.477   0.348      0.490     0.973 0.477    0.048   750,335.104   434,173.129   316,161.975   909,692.487
    6 SHAMROCK_ESR1  SHAMROCK_RN  99.800 2.617   172 0.782       0.782   0.000      0.721     1.085 0.782    0.118 2,451,481.049 2,451,481.049         0.000 3,133,701.479
    7 MOORE_FL_ESR1  MOORE_FL_RN  10.000 1.000   172 0.782       0.375   0.407      0.447     0.839 0.375    0.035    80,868.911    38,806.287    42,062.624   103,444.550
    8 L_FRESNO_ESR1 L_FRE_ESR_RN  10.000 1.000   172 0.773       0.424   0.349      0.667     0.636 0.424    0.026    78,973.958    43,352.250    35,621.708   102,200.861
    9 CACH_ESS_ESR1  CACH_ESS_RN 200.000 2.000   172 0.734       0.461   0.272      0.337     1.369 0.461    0.114 3,108,691.428 1,955,650.441 1,153,040.987 4,237,909.000
   10 AVIL_ESS_ESR1  AVIL_ESS_RN 160.000 2.000   172 0.724       0.499   0.224      0.422     1.183 0.499    0.099 2,963,459.452 2,044,643.725   918,815.728 4,093,642.960
--- GKS ---
 rank      resource          sp      mw   dur  days   opt  opt_energy  opt_as  P_capture  Q_cycles   PxQ  util_mw         rev  energy_rev      as_rev            tb
  101 GKS_BESS_ESR1 GKS_BESS_RN 103.000 1.942   172 0.392       0.198   0.194      0.483     0.410 0.198    0.033 663,101.262 335,009.971 328,091.292 1,693,721.555
--- 플릿 중앙값 --- opt 0.358 | P 0.463 | Q 0.550 | opt_energy 0.243 | opt_as 0.087
--- GKS 순위: 101/224 (상위 45%) ---

==================================================================================================================================
[2026 (1/1~7/23)]  대상 225개 자원 (>= 10.0MW, >= 120일)
--- 최적화율 Top 10 ---
 rank      resource           sp      mw   dur  days   opt  opt_energy  opt_as  P_capture  Q_cycles   PxQ  util_mw           rev    energy_rev        as_rev            tb
    1   WFTANK_ESR1  WFTANK_ESS1 155.000 1.116   159 0.929       0.387   0.542      0.396     0.978 0.387    0.045 1,585,666.017   660,237.917   925,428.100 1,706,322.725
    2   FALFUR_ESR2   FALFUR_RN2  10.000 1.152   159 0.854       0.275   0.579      0.411     0.669 0.275    0.032    91,731.661    29,545.899    62,185.762   107,366.697
    3 CARN_ESS_ESR1  CARN_ESS_RN 150.000 2.000   159 0.835       0.443   0.392      0.315     1.409 0.443    0.117 2,049,859.394 1,088,145.576   961,713.818 2,453,543.893
    4 MUSTNGCK_ESR1 MUSTNGCK_ALL  71.000 1.176   159 0.827       0.487   0.340      0.501     0.973 0.487    0.048   723,830.032   426,272.890   297,557.142   874,884.461
    5 BOCO_ESS_ESR1  BOCO_ESS_RN 154.000 1.948   159 0.824       0.672   0.152      0.592     1.135 0.672    0.092 2,991,110.648 2,439,247.245   551,863.403 3,630,052.361
    6 MOORE_FL_ESR1  MOORE_FL_RN  10.000 1.000   159 0.788       0.382   0.406      0.455     0.840 0.382    0.035    78,139.599    37,867.132    40,272.468    99,151.825
    7 L_FRESNO_ESR1 L_FRE_ESR_RN  10.000 1.000   159 0.781       0.432   0.350      0.663     0.651 0.432    0.027    75,815.246    41,895.128    33,920.119    97,046.036
    8 SHAMROCK_ESR1  SHAMROCK_RN  99.500 2.617   159 0.775       0.775   0.000      0.727     1.066 0.775    0.116 2,295,585.722 2,295,585.722         0.000 2,961,163.863
    9 BKSL_ESS_ESR1      BKSL_RN 103.000 1.942   159 0.739       0.627   0.112      0.530     1.182 0.627    0.096 1,660,566.469 1,408,492.092   252,074.378 2,245,966.429
   10 CACH_ESS_ESR1  CACH_ESS_RN 200.000 2.000   159 0.733       0.459   0.274      0.329     1.394 0.459    0.116 2,985,738.025 1,869,338.469 1,116,399.556 4,072,546.000
--- GKS ---
 rank      resource          sp      mw   dur  days   opt  opt_energy  opt_as  P_capture  Q_cycles   PxQ  util_mw         rev  energy_rev      as_rev            tb
  104 GKS_BESS_ESR1 GKS_BESS_RN 103.000 1.942   159 0.389       0.201   0.188      0.478     0.420 0.201    0.034 629,902.612 325,396.699 304,505.913 1,620,876.245
--- 플릿 중앙값 --- opt 0.361 | P 0.470 | Q 0.535 | opt_energy 0.244 | opt_as 0.085
--- GKS 순위: 104/225 (상위 46%) ---

wrote C:\Users\00904\ERCOT Projects\BESS_Biz\shared\data\adhoc\2026-09-18_gks-optimization-rate\derived\fleet_opt_by_resource.csv
