커버리지:
      days      first       last
year                            
2025   365 2025-01-01 2025-12-31
2026   259 2026-01-01 2026-09-16

quantity > 1 인 날: 0일 (max 1.000)

=== 연도별 (에너지+AS) ===
        days  actual_rev_$    energy_$        as_$       dart_$     tb2_rev_$  opt_rate  quantity  price_capture  tb2_spread_$/MWh  discharge_MWh_d  as_MW_avg  rev_$/day  qty_rel  price_rel  check_PxQ
year                                                                                                                                                                                                    
2025 365.000 1,836,154.984 969,801.090 866,353.894  662,424.936 3,766,096.000     0.488     0.222          2.264            51.590           78.486     17.786  5,030.562    1.329      0.367      0.488
2026 259.000 1,430,067.627 572,494.187 857,573.440 -120,285.694 2,563,268.000     0.558     0.687          0.859            49.484           85.133     68.145  5,521.497    4.124      0.135      0.558

=== 연도별 — 2026 정지구간(3/24~4/13) 제외 ===
        days  actual_rev_$    energy_$        as_$       dart_$     tb2_rev_$  opt_rate  quantity  price_capture  tb2_spread_$/MWh  discharge_MWh_d  as_MW_avg  rev_$/day  qty_rel  price_rel  check_PxQ
year                                                                                                                                                                                                    
2025 365.000 1,836,154.984 969,801.090 866,353.894  662,424.936 3,766,096.000     0.488     0.222          2.264            51.590           78.486     17.786  5,030.562    1.329      0.367      0.488
2026 238.000 1,428,651.311 576,438.871 852,212.440 -108,345.633 2,357,072.250     0.606     0.744          0.869            49.518           92.365     73.737  6,002.737    4.462      0.136      0.606

=== 연도별 (에너지+AS+DART virtual) ===
        days  actual_rev_$    energy_$        as_$       dart_$     tb2_rev_$  opt_rate  quantity  price_capture  tb2_spread_$/MWh  discharge_MWh_d  as_MW_avg  rev_$/day  qty_rel  price_rel  check_PxQ
year                                                                                                                                                                                                    
2025 365.000 2,498,579.920 969,801.090 866,353.894  662,424.936 3,766,096.000     0.663     0.222          3.081            51.590           78.486     17.786  6,845.424    1.329      0.499      0.663
2026 259.000 1,309,781.933 572,494.187 857,573.440 -120,285.694 2,563,268.000     0.511     0.687          0.786            49.484           85.133     68.145  5,057.073    4.124      0.124      0.511

=== 연도별 — Quantity를 물리 충방전만으로 정의 (AS 커밋 제외) ===
        days  actual_rev_$    energy_$        as_$       dart_$     tb2_rev_$  opt_rate  quantity  price_capture  tb2_spread_$/MWh  discharge_MWh_d  as_MW_avg  rev_$/day  qty_rel  price_rel  check_PxQ
year                                                                                                                                                                                                    
2025 365.000 1,836,154.984 969,801.090 866,353.894  662,424.936 3,766,096.000     0.488     0.072          6.171            51.590           78.486     17.786  5,030.562    0.434      1.123      0.488
2026 259.000 1,430,067.627 572,494.187 857,573.440 -120,285.694 2,563,268.000     0.558     0.078          7.014            49.484           85.133     68.145  5,521.497    0.471      1.185      0.558

=== 월별 ===
          days  actual_rev_$    energy_$        as_$   tb2_rev_$  opt_rate  quantity  qty_rel  price_rel  tb2_spread_$/MWh
date                                                                                                                      
2025-01 31.000    20,469.696  20,380.589      89.107 333,740.750     0.061     0.029    0.175      0.351            53.829
2025-02 28.000   197,925.555 143,440.581  54,484.974 291,177.500     0.680     0.133    0.797      0.853            51.996
2025-03 31.000   214,513.173 183,253.811  31,259.362 379,021.250     0.566     0.237    1.421      0.398            61.132
2025-04 30.000   150,061.835 110,147.774  39,914.061 314,349.500     0.477     0.199    1.194      0.400            52.392
2025-05 31.000   478,905.858 110,739.224 368,166.634 375,702.750     1.275     0.463    2.777      0.459            60.597
2025-06 30.000   173,875.017  71,713.029 102,161.988 260,097.500     0.668     0.291    1.745      0.383            43.350
2025-07 31.000   127,249.282  55,891.150  71,358.132 234,143.250     0.543     0.373    2.236      0.243            37.765
2025-08 31.000    70,263.753  33,263.707  37,000.046 267,073.500     0.263     0.187    1.120      0.235            43.076
2025-09 30.000    60,967.469  48,557.100  12,410.369 225,665.750     0.270     0.110    0.658      0.411            37.611
2025-10 31.000    90,270.549  66,984.817  23,285.732 358,367.000     0.252     0.118    0.707      0.356            57.801
2025-11 30.000   108,332.339  70,026.779  38,305.560 349,713.500     0.310     0.172    1.034      0.300            58.286
2025-12 31.000   143,320.459  55,402.529  87,917.930 377,043.750     0.380     0.336    2.015      0.189            60.814
2026-01 31.000   226,893.099  96,145.789 130,747.310 498,433.000     0.455     0.630    3.779      0.120            80.392
2026-02 28.000   173,349.319  94,639.559  78,709.760 240,829.750     0.720     0.858    5.149      0.140            43.005
2026-03 31.000   182,232.155  95,284.305  86,947.850 312,640.750     0.583     0.765    4.588      0.127            50.426
2026-04 30.000   126,158.911  38,121.511  88,037.400 447,193.250     0.282     0.366    2.195      0.129            74.532
2026-05 31.000   157,264.529  54,063.069 103,201.460 221,477.500     0.710     0.645    3.869      0.184            35.722
2026-06 30.000   147,329.266  32,595.626 114,733.640 177,876.750     0.828     0.767    4.601      0.180            29.646
2026-07 31.000   145,890.730  47,575.430  98,315.300 196,323.750     0.743     0.758    4.547      0.163            31.665
2026-08 31.000   158,663.994  71,807.324  86,856.670 303,130.250     0.523     0.715    4.288      0.122            48.892
2026-09 16.000   112,285.625  42,261.575  70,024.050 165,363.000     0.679     0.697    4.181      0.162            51.676

=== 교차검증 vs 2026-05-11 yoy 산출물 (152일 겹침) ===
  energy_rev       vs Energy_Rev_$      상대오차   1.33%  (mine 576,332 / ref 568,174)
  discharge_mwh    vs Discharge_MWh     상대오차   0.01%  (mine 15,098 / ref 15,099)
  charge_mwh       vs Charge_MWh        상대오차   0.08%  (mine 18,320 / ref 18,335)
  tb2_spread       vs TB2_RT_$          상대오차   0.67%  (mine 8,714 / ref 8,688)
