=== energy only: spread capture x cycles ===
        days    energy_$         tb2_$  opt_energy  discharge_WAP  charge_WAP  realized_spread  tb2_spread  price_capture  cycles_per_day  discharge_MWh_d  charge_MWh_d   PxQ
year                                                                                                                                                                          
2025 365.000 969,801.090 3,766,096.000       0.258         48.834      16.044           32.790      51.590          0.636           0.392           78.486        98.343 0.249
2026 259.000 572,494.187 2,563,268.000       0.223         44.950      15.444           29.506      49.484          0.596           0.426           85.133       104.656 0.254

=== excl. 2026 outage 3/24-4/13 ===
        days    energy_$         tb2_$  opt_energy  discharge_WAP  charge_WAP  realized_spread  tb2_spread  price_capture  cycles_per_day  discharge_MWh_d  charge_MWh_d   PxQ
year                                                                                                                                                                          
2025 365.000 969,801.090 3,766,096.000       0.258         48.834      16.044           32.790      51.590          0.636           0.392           78.486        98.343 0.249
2026 238.000 576,438.871 2,357,072.250       0.245         45.016      15.335           29.682      49.518          0.599           0.462           92.365       113.202 0.277

=== monthly ===
          days    energy_$  opt_energy  price_capture  cycles_per_day  realized_spread  tb2_spread
date                                                                                              
2025-01 31.000  20,380.589       0.061         -0.208           0.180          -11.181      53.829
2025-02 28.000 143,440.581       0.493          0.562           0.557           29.227      51.996
2025-03 31.000 183,253.811       0.483          0.646           0.728           39.511      61.132
2025-04 30.000 110,147.774       0.350          0.591           0.597           30.976      52.392
2025-05 31.000 110,739.224       0.295          0.733           0.424           44.423      60.597
2025-06 30.000  71,713.029       0.276          0.877           0.351           38.026      43.350
2025-07 31.000  55,891.150       0.239          0.670           0.397           25.295      37.765
2025-08 31.000  33,263.707       0.125          0.635           0.258           27.372      43.076
2025-09 30.000  48,557.100       0.215          0.834           0.285           31.376      37.611
2025-10 31.000  66,984.817       0.187          0.760           0.282           43.917      57.801
2025-11 30.000  70,026.779       0.200          0.700           0.302           40.777      58.286
2025-12 31.000  55,402.529       0.147          0.457           0.364           27.807      60.814
2026-01 31.000  96,145.789       0.193          0.402           0.530           32.344      80.392
2026-02 28.000  94,639.559       0.393          0.664           0.608           28.561      43.005
2026-03 31.000  95,284.305       0.305          0.736           0.442           37.127      50.426
2026-04 30.000  38,121.511       0.085          0.531           0.182           39.589      74.532
2026-05 31.000  54,063.069       0.244          0.719           0.402           25.697      35.722
2026-06 30.000  32,595.626       0.183          0.693           0.399           20.543      29.646
2026-07 31.000  47,575.430       0.242          0.796           0.357           25.216      31.665
2026-08 31.000  71,807.324       0.237          0.559           0.500           27.341      48.892
2026-09 16.000  42,261.575       0.256          0.749           0.413           38.697      51.676
