=== DART 제외 · AS 포함 단일 P x Q ===
                     days           수익$        에너지$        AS순$          TB2$   opt  Q 가동률  Q 배수(TB2=1)  P 타점(TB2=1)   PxQ  Q_mwh 물량배수  P_mwh 타점  사이클/일  AS낙찰MW
2025 (3/1~12/31)  306.000 1,613,317.111 805,979.921 807,337.190 3,141,177.750 0.514  0.249        1.495        0.344 0.514       2.902     0.177  0.399  20.862
2025 3~7월 (정상)    153.000 1,144,314.711 531,744.989 612,569.722 1,563,314.250 0.732  0.313        1.880        0.389 0.732       3.631     0.202  0.500  26.099
2025 8~12월 (디레이트) 153.000   469,002.400 274,234.932 194,767.468 1,577,863.500 0.297  0.185        1.110        0.268 0.297       2.173     0.137  0.298  15.625
2026 (1/1~9/16)   259.000 1,087,439.290 572,494.187 514,945.103 2,563,268.000 0.424  0.687        4.124        0.103 0.424       8.603     0.049  0.426  68.145
2026 정지구간 제외      238.000 1,110,003.761 576,438.871 533,564.890 2,357,072.250 0.471  0.744        4.462        0.106 0.471       9.310     0.051  0.462  73.737

=== 월별 ===
          days         수익$        TB2$   opt  Q 가동률  Q 배수(TB2=1)  P 타점(TB2=1)  사이클/일  AS낙찰MW
2025-01 31.000  20,469.589 333,740.750 0.061  0.029        0.175        0.351  0.180   0.000
2025-02 28.000 197,925.555 291,177.500 0.680  0.133        0.797        0.853  0.557   3.868
2025-03 31.000 214,513.132 379,021.250 0.566  0.237        1.421        0.398  0.728  13.003
2025-04 30.000 150,061.799 314,349.500 0.477  0.199        1.194        0.400  0.597  11.160
2025-05 31.000 478,905.476 375,702.750 1.275  0.463        2.777        0.459  0.424  44.125
2025-06 30.000 173,585.542 260,097.500 0.667  0.291        1.745        0.383  0.351  26.486
2025-07 31.000 127,248.762 234,143.250 0.543  0.373        2.236        0.243  0.397  35.249
2025-08 31.000  70,263.623 267,073.500 0.263  0.187        1.120        0.235  0.258  15.725
2025-09 30.000  60,967.436 225,665.750 0.270  0.110        0.658        0.411  0.285   7.293
2025-10 31.000  90,270.346 358,367.000 0.252  0.118        0.707        0.356  0.282   8.091
2025-11 30.000 108,332.285 349,713.500 0.310  0.172        1.034        0.300  0.302  14.715
2025-12 31.000 139,168.711 377,043.750 0.369  0.336        2.015        0.183  0.364  32.002
2026-01 31.000 163,155.462 498,433.000 0.327  0.630        3.779        0.087  0.530  61.991
2026-02 28.000 149,365.702 240,829.750 0.620  0.858        5.149        0.120  0.608  85.668
2026-03 31.000  91,408.660 312,640.750 0.292  0.765        4.588        0.064  0.442  76.263
2026-04 30.000 123,842.084 447,193.250 0.277  0.366        2.195        0.126  0.182  36.288
2026-05 31.000 116,371.037 221,477.500 0.525  0.645        3.869        0.136  0.402  63.673
2026-06 30.000  76,156.674 177,876.750 0.428  0.767        4.601        0.093  0.399  76.176
2026-07 31.000 112,622.938 196,323.750 0.574  0.758        4.547        0.126  0.357  75.450
2026-08 31.000 158,701.783 303,130.250 0.524  0.715        4.288        0.122  0.500  70.319
2026-09 16.000  95,814.951 165,363.000 0.579  0.697        4.181        0.139  0.413  68.642
