                     days  P 타점(실효)  P 타점(단순)  Q 사이클/일  P x Q = 에너지opt  에너지opt(실측)  + AS(순)opt  + DART·기타opt  = 전체 opt  방전WAP  충전WAP  충방전비  TB2스프레드
2025 (3/1~12/31)  306.000     0.597     0.683    0.399           0.238       0.257       0.257         0.183     0.696 51.614 16.552 1.267   51.326
2025 3~7월 (정상)    153.000     0.631     0.700    0.500           0.315       0.340       0.392         0.228     0.960 50.313 14.532 1.245   51.089
2025 8~12월 (디레이트) 153.000     0.543     0.660    0.298           0.162       0.174       0.123         0.137     0.435 53.794 19.786 1.303   51.564
2026 (1/1~9/16)   259.000     0.525     0.596    0.426           0.223       0.223       0.201         0.014     0.438 44.950 15.444 1.229   49.484
2026 정지구간 제외      238.000     0.530     0.599    0.462           0.245       0.245       0.226         0.016     0.487 45.016 15.335 1.226   49.518

=== 월별 (P x Q = 에너지 opt) ===
          days  P 타점(실효)  Q 사이클/일  P x Q = 에너지opt  + AS(순)opt  + DART·기타opt  = 전체 opt  TB2스프레드
2025-01 31.000    -0.177    0.180          -0.032       0.000         0.104     0.165   53.829
2025-02 28.000     0.527    0.557           0.294       0.187         0.092     0.771   51.996
2025-03 31.000     0.606    0.728           0.441       0.082         0.234     0.800   61.132
2025-04 30.000     0.541    0.597           0.323       0.127         0.195     0.672   52.392
2025-05 31.000     0.670    0.424           0.284       0.980         0.175     1.449   60.597
2025-06 30.000     0.732    0.351           0.257       0.392         0.232     0.899   43.350
2025-07 31.000     0.543    0.397           0.216       0.305         0.346     0.890   37.765
2025-08 31.000     0.435    0.258           0.112       0.139         0.211     0.475   43.076
2025-09 30.000     0.689    0.285           0.197       0.055         0.213     0.483   37.611
2025-10 31.000     0.626    0.282           0.177       0.065         0.156     0.408   57.801
2025-11 30.000     0.617    0.302           0.187       0.110         0.137     0.447   58.286
2025-12 31.000     0.385    0.364           0.140       0.222         0.023     0.392   60.814
2026-01 31.000     0.364    0.530           0.193       0.134         0.007     0.335   80.392
2026-02 28.000     0.646    0.608           0.393       0.227         0.018     0.638   43.005
2026-03 31.000     0.689    0.442           0.305      -0.012         0.011     0.304   50.426
2026-04 30.000     0.468    0.182           0.085       0.192         0.009     0.286   74.532
2026-05 31.000     0.607    0.402           0.244       0.281         0.028     0.554   35.722
2026-06 30.000     0.460    0.399           0.183       0.245         0.019     0.447   29.646
2026-07 31.000     0.679    0.357           0.242       0.331         0.005     0.579   31.665
2026-08 31.000     0.473    0.500           0.237       0.287         0.025     0.549   48.892
2026-09 16.000     0.619    0.413           0.256       0.324         0.015     0.595   51.676
