drivers (19661, 9) 2024-07-03 01:00:00 2026-09-30 07:00:00
var    dew_bro  load_ercot  load_south  solar_ercot  solar_se  temp_bro  wind_coastal  wind_ercot  wind_south
count  19452.0     19661.0     19661.0      19660.0   19660.0   19466.0       19658.0     19658.0     19658.0
mean      68.0     57399.0      4571.0       8130.0     830.0      78.0        1486.0     13062.0      1374.0
std       11.0     11137.0       943.0      10106.0    1078.0      11.0        1045.0      6852.0       848.0
min       17.0     38271.0      2657.0          0.0       0.0      30.0           0.0       169.0         0.0
25%       65.0     48906.0      3832.0          1.0       0.0      73.0         572.0      7252.0       631.0
50%       72.0     54762.0      4412.0        604.0      42.0      80.0        1329.0     12593.0      1327.0
75%       76.0     64446.0      5229.0      16969.0    1643.0      85.0        2370.0     18707.0      2068.0
max       82.0     91090.0      7418.0      34982.0    3734.0     102.0        4026.0     28819.0      3548.0
outages (263809, 11) 819
