auction months 26 nodes ['GKS_BESS_RN', 'HB_BUSAVG', 'HB_HOUSTON', 'HB_SOUTH', 'RVN_RN']
                                 months  cost_total  realised_total  pnl_total  hit_rate  pnl_mean  pnl_std  pnl_min  pnl_max  realised_per_mwh  cost_per_mwh  pnl_per_mw_per_yr  sharpe_monthly
path                    tou                                                                                                                                                                     
GKS_BESS_RN->HB_HOUSTON OFFPEAK      25     22448.9         30856.8     8407.9       0.4     336.3   1415.0   -866.0   6146.1               5.1           3.8             4036.0            0.82
                        WDPEAK       25     59657.4         61831.0     2173.5       0.5      86.9   1995.4  -2417.5   5265.7               7.5           7.7             1043.0            0.15
                        WEPEAK       25     22039.7         25623.0     3583.3       0.4     143.3   1580.4  -1637.9   6728.0               6.4           6.0             1720.0            0.31
GKS_BESS_RN->HB_SOUTH   OFFPEAK      25     24552.2         31746.2     7194.0       0.4     287.8   1337.9   -783.5   5954.4               5.2           4.1             3453.0            0.75
                        WDPEAK       25     40927.0         43204.8     2277.8       0.5      91.1   1173.6  -1807.7   2931.0               5.2           5.2             1093.0            0.27
                        WEPEAK       25     15994.3         19702.2     3707.9       0.4     148.3   1326.7  -1078.2   6135.6               4.8           4.3             1780.0            0.39
GKS_BESS_RN->RVN_RN     OFFPEAK       1       366.3            31.7     -334.6       0.0    -334.6      NaN   -334.6   -334.6               0.3           3.5            -4015.0             NaN
                        WDPEAK        1      2110.6           406.3    -1704.3       0.0   -1704.3      NaN  -1704.3  -1704.3               3.2          16.5           -20452.0             NaN
                        WEPEAK        1       706.4          -253.5     -959.9       0.0    -959.9      NaN   -959.9   -959.9              -3.2           8.8           -11519.0             NaN
HB_BUSAVG->HB_HOUSTON   OFFPEAK      26     -1129.3         -2737.0    -1607.7       0.5     -61.8    480.6  -2056.5    662.3              -0.4          -0.2             -742.0           -0.45
                        WDPEAK       26     17104.2         16602.9     -501.2       0.4     -19.3    820.4  -1404.3   1648.8               1.9           2.2             -231.0           -0.08
                        WEPEAK       26      5429.6          3804.0    -1625.6       0.5     -62.5    472.4  -1978.9    534.2               1.1           1.5             -750.0           -0.46
HB_SOUTH->HB_HOUSTON    OFFPEAK      26     -2326.5         -1134.9     1191.6       0.7      45.8    246.6   -860.4    495.5              -0.2          -0.4              550.0            0.64
                        WDPEAK       26     20305.8         18742.8    -1563.0       0.5     -60.1   1362.2  -3167.0   2447.6               2.1           2.6             -721.0           -0.15
                        WEPEAK       26      6635.9          5831.8     -804.1       0.5     -30.9    508.2  -1386.0    924.2               1.5           1.8             -371.0           -0.21
                         months      cost  realised      pnl  pnl_per_mw_yr
path                                                                       
GKS_BESS_RN->HB_HOUSTON      25  104146.0  118311.0  14165.0         6799.0
GKS_BESS_RN->HB_SOUTH        25   81473.0   94653.0  13180.0         6326.0
GKS_BESS_RN->RVN_RN           1    3183.0     184.0  -2999.0       -35988.0
HB_BUSAVG->HB_HOUSTON        26   21404.0   17670.0  -3735.0        -1724.0
HB_SOUTH->HB_HOUSTON         26   24615.0   23440.0  -1176.0         -543.0
year                       2024     2025    2026
path                                            
GKS_BESS_RN->HB_HOUSTON -3744.0  12452.0  5457.0
GKS_BESS_RN->HB_SOUTH   -2187.0  14036.0  1331.0
GKS_BESS_RN->RVN_RN         NaN      NaN -2999.0
HB_BUSAVG->HB_HOUSTON   -3601.0    337.0  -471.0
HB_SOUTH->HB_HOUSTON    -3718.0  -1584.0  4126.0
tou      OFFPEAK  WDPEAK  WEPEAK
month                           
2024-09    222.0 -1962.0  -521.0
2024-10   -778.0 -2389.0  -698.0
2024-11    573.0  -709.0   912.0
2024-12    315.0  1473.0  -182.0
2025-01    667.0  -679.0   301.0
2025-02    729.0    44.0  -191.0
2025-03   1088.0  1469.0   599.0
2025-04   2414.0  5266.0   942.0
2025-05    911.0  4395.0  1255.0
2025-06   -437.0   254.0  1264.0
2025-07     60.0  1284.0   125.0
2025-08   -531.0 -1804.0 -1638.0
2025-09   -609.0 -1662.0  -856.0
2025-10   -500.0  -581.0  -420.0
2025-11    772.0   494.0   327.0
2025-12   -140.0 -2022.0  -136.0
2026-01   6146.0   546.0  6728.0
2026-02    -10.0  -629.0  -295.0
2026-03    -99.0  2712.0   122.0
2026-04    -69.0  -306.0 -1412.0
2026-05   -866.0 -2418.0 -1330.0
2026-06   -608.0  -549.0   307.0
2026-07    -39.0   886.0   -29.0
2026-08   -530.0  1255.0  -616.0
2026-09   -273.0 -2193.0  -974.0
