C:\Users\00904\AppData\Local\Programs\Python\Python312\Lib\site-packages\numpy\lib\_function_base_impl.py:3045: RuntimeWarning: invalid value encountered in divide
  c /= stddev[:, None]
C:\Users\00904\AppData\Local\Programs\Python\Python312\Lib\site-packages\numpy\lib\_function_base_impl.py:3045: RuntimeWarning: invalid value encountered in divide
  c /= stddev[:, None]
C:\Users\00904\AppData\Local\Programs\Python\Python312\Lib\site-packages\numpy\lib\_function_base_impl.py:3045: RuntimeWarning: invalid value encountered in divide
  c /= stddev[:, None]
C:\Users\00904\AppData\Local\Programs\Python\Python312\Lib\site-packages\numpy\lib\_function_base_impl.py:3045: RuntimeWarning: invalid value encountered in divide
  c /= stddev[:, None]
== EX-POST (REAL, DA bind) ==
          constraint market  n_hours  n_days  mcc_mean_at_raven  spread_mean  excess_over_he_mean  t_excess             p  basis_hou_mean  basis_sys_mean  p_short_win  bh_expost_bind_excess
9         STPWAP39_1     RT      525      77              2.193         1.41                 1.62      6.19  1.186663e-09            0.61           -0.30        0.625                   True
28        THWZEN98_A     RT      182      43              1.219         1.28                 2.00      6.09  6.675065e-09            0.61           -1.01        0.610                   True
32            WESTEX     RT      249      31              1.645         1.18                 1.55      4.68  4.741164e-06            0.27           -0.92        0.659                   True
23            107__B     DA      233      21              2.928         1.77                 2.03      3.85  1.529730e-04            0.03           -0.55        0.708                   True
5   HARGRO_TWINBU1_1     RT       32      11             -1.257        -7.73                -6.78     -4.18  2.218399e-04            0.03            0.08        0.062                   True
7             630__B     RT       15       5              1.457         2.99                 4.17      4.76  3.055342e-04            0.20           -1.26        0.867                   True
16  TREADW_YELWJC1_1     RT      379      47              0.698         1.21                 1.37      3.59  3.789172e-04           -0.70           -1.06        0.697                   True
22           1715__B     RT      237      54              1.075         1.63                 1.52      3.60  3.831767e-04           -0.83           -1.81        0.646                   True
14           1710__A     RT      142      34              0.591         2.06                 2.09      3.55  5.272458e-04           -0.13           -0.36        0.627                   True
34            421__A     RT       96      34              0.437         0.69                 1.72      3.53  6.531666e-04            0.86           -0.40        0.604                   True
0   BLESSI_PAVLOV1_1     DA      394      67              0.193         0.69                 1.14      3.02  2.670929e-03            0.50            0.32        0.589                   True
31            WESTEX     DA      531      49             -0.208         0.50                 0.88      2.99  2.948079e-03            0.09           -0.46        0.637                   True
15  TREADW_YELWJC1_1     DA     1140      96              0.503         0.53                 0.77      2.76  5.836939e-03           -0.23           -0.05        0.619                   True
13           1710__A     DA      438      85              2.312         1.06                 0.94      2.64  8.474174e-03            0.18           -0.34        0.630                   True
30           6200__F     RT      127      36             -0.085         2.28                 2.03      2.60  1.034754e-02            0.57            0.87        0.614                   True
1   BLESSI_PAVLOV1_1     RT       29       8              4.954        -8.48                -7.93     -2.74  1.054348e-02           -8.35           -8.13        0.276                   True
8         STPWAP39_1     DA      786      91              1.048         0.74                 0.65      2.29  2.248711e-02           -0.15           -0.23        0.609                   True
33            421__A     DA      125      46              0.794         0.18                 0.84      2.14  3.471373e-02            0.42            0.02        0.512                   True
10            587__A     DA      139      19              0.234         0.04                 0.95      1.86  6.517575e-02            0.07           -0.16        0.597                  False
12          35055__A     RT      235      51             -3.451         1.08                 0.90      1.64  1.027626e-01           -0.94            1.63        0.643                  False
36  FORTMA_YELWJC1_1     RT       93      31              0.228        -0.03                 1.03      1.60  1.125425e-01            0.46           -0.93        0.645                  False
6             630__B     DA       46      11              0.961         0.24                 1.21      1.61  1.149415e-01            0.12            0.56        0.717                  False
17          SEA_AAT1     DA      578      84              1.375         1.24                 0.71      1.48  1.393575e-01           -0.33            0.13        0.638                  False
18          SEA_AAT1     RT       88      25             -0.134        -1.56                -1.61     -1.36  1.783545e-01           -2.68           -3.33        0.545                  False
3             E_PASP     RT      173      67             -0.254        -1.08                -1.84     -1.16  2.467789e-01           -0.95            1.13        0.549                  False
24            107__B     RT       92      16             -0.487        -0.68                -1.29     -1.02  3.118149e-01           -2.37           -2.13        0.696                  False
25         378T387_1     DA      180      29             -1.123        -2.40                -3.02     -0.98  3.260550e-01           -0.47            0.82        0.606                  False
21           1715__B     DA      127      32              3.547         0.80                 0.52      0.93  3.547340e-01           -0.67            0.63        0.606                  False
35  FORTMA_YELWJC1_1     DA      496      87             -0.030        -0.34                 0.65      0.70  4.854195e-01           -0.07           -0.30        0.565                  False
20        FB_RS_60_A     RT      109      32             -2.715         0.29                 0.36      0.56  5.795941e-01           -0.96           -0.49        0.587                  False
11          35055__A     DA      482      79             -4.874         0.70                 0.22      0.55  5.821673e-01           -0.70            0.35        0.624                  False
19        FB_RS_60_A     DA      196      50             -2.296        -0.18                -0.32     -0.50  6.191600e-01           -1.98           -0.81        0.526                  False
4   HARGRO_TWINBU1_1     DA      775     100             -0.002        -1.08                -0.38     -0.42  6.726815e-01            0.26           -0.39        0.564                  False
26         378T387_1     RT       29       8            -11.162        -1.49                -1.95     -0.41  6.816899e-01            0.23            0.42        0.690                  False
2             E_PASP     DA      723      97             -1.016        -0.43                -0.39     -0.31  7.585701e-01           -0.09           -0.11        0.643                  False
27        THWZEN98_A     DA      233      52              1.287        -0.57                -0.13     -0.25  7.995961e-01           -1.16           -1.32        0.549                  False
29           6200__F     DA      542      73              0.944        -0.34                -0.07     -0.08  9.373561e-01           -0.28           -0.26        0.607                  False

== EX-POST (FULL) BH survivors ==
          constraint market  n_hours  n_days  mcc_mean_at_raven  spread_mean  excess_over_he_mean  t_excess  basis_sys_mean  p_short_win
38            WHARTN     RT      811     137            -11.348         6.76                 4.84      9.10            6.02        0.758
83  FORTMA_YELWJC1_1     DA     6039     531             -0.252        -0.62                -2.44     -7.12            0.44        0.556
37            WHARTN     DA     1245     140             -3.203         4.46                 2.50      5.56            2.51        0.655
46  HARGRO_TWINBU1_1     RT     2277     389             -3.425        -0.05                -1.67     -5.11           -0.05        0.536
53            587__A     DA     3113     303              1.232         0.86                -0.87     -4.93           -0.06        0.601
49            630__B     DA     1085     138              3.581        -0.38                -2.07     -4.80            0.01        0.559
80   ARROZ_EL_CAM1_1     RT      204      48            -15.996        60.37                58.25      4.68           18.74        0.691
81            421__A     DA     1079     180              2.958         0.03                -1.79     -4.56            0.78        0.588
47        STPELM27_1     DA      542      72             -5.579        29.01                27.10      4.56            1.04        0.635
59           1710__A     DA      561     110              2.379         0.60                -1.36     -4.34           -0.34        0.586
84  FORTMA_YELWJC1_1     RT     1733     292             -1.462        -1.56                -3.44     -4.19            1.11        0.507
48        STPELM27_1     RT      147      20            -32.801        85.66                83.54      4.16           20.85        0.748
62  TREADW_YELWJC1_1     RT     1599     240              0.643         3.79                 1.78      4.01           -0.67        0.720
39  BLESSI_PAVLOV1_1     DA     2377     357              1.404         0.08                -1.91     -3.76            0.97        0.607
65        FB_RS_60_A     DA      226      56             -2.022        -0.53                -2.26     -3.81           -0.77        0.518
40  BLESSI_PAVLOV1_1     RT      124      28             12.276        -6.83                -8.83     -3.86           -8.67        0.476
42            E_PASP     RT     1487     359             -0.844        11.97                 9.58      3.50            1.95        0.603
70            107__B     RT      166      24             -0.188        -0.30                -2.73     -3.20           -0.07        0.596
56             50__A     RT       85      26            -42.995       123.92               121.90      3.20           40.53        0.671
41            E_PASP     DA     5698     704             -1.621         5.61                 3.28      3.00            0.81        0.647
54            587__A     RT     1447     178              1.376         1.05                -0.77     -2.91            0.20        0.628
74        THWZEN98_A     RT      306      64              2.065         0.56                -1.33     -2.92           -0.99        0.575
75           6200__F     DA      659      85              1.012        -0.18                -2.30     -2.90           -0.23        0.604
43           1710__C     DA     2433     290              3.378         3.54                 1.52      2.83            0.53        0.651
52        STPWAP39_1     RT     1508     262              1.862         2.82                 1.04      2.60            0.17        0.683
55             50__A     DA      441      72             -4.847        22.39                20.45      2.54           -4.17        0.615
63          SEA_AAT1     DA     1690     254              1.031         4.94                 2.75      2.29            0.16        0.646
77            WESTEX     DA     4372     442             -0.194         1.43                -0.34     -2.14            0.16        0.606
79   ARROZ_EL_CAM1_1     DA      697     132             -1.849        10.92                 8.68      2.11            3.66        0.627
64          SEA_AAT1     RT      455     120             -0.037        11.23                 9.19      2.10           -1.28        0.618
67           1715__B     DA      172      44              2.565         5.05                 2.98      2.10            0.97        0.599

== BASIS SHARE (REAL) ==
   window        constraint  n_bind_days  basis_sys_var_share_bind_days  basis_sys_var_share_other_days  basis_hou_var_share_bind_days  basis_hou_var_share_other_days
0    REAL  BLESSI_PAVLOV1_1           67                         0.1090                          0.0419                         0.0513                          0.0274
1    REAL            E_PASP           97                         0.0561                          0.2118                         0.0307                          0.5143
2    REAL            630__B           11                         0.2291                          0.0525                         0.2748                          0.0268
3    REAL        STPWAP39_1           91                         0.0585                          0.0133                         0.0321                          0.0405
4    REAL            587__A           19                         0.4901                          0.0401                         0.4683                          0.0159
5    REAL          35055__A           79                         0.0656                          0.0174                         0.0294                          0.0447
6    REAL           1710__A           85                         0.0508                          0.1204                         0.0227                          0.1404
7    REAL  TREADW_YELWJC1_1           96                         0.0566                          0.0562                         0.0326                          0.0124
8    REAL          SEA_AAT1           84                         0.0577                          0.0427                         0.0258                          0.1213
9    REAL        FB_RS_60_A           50                         0.0558                          0.0584                         0.0149                          0.0859
10   REAL           1715__B           32                         0.0563                          0.0563                         0.0171                          0.0421
11   REAL            107__B           21                         0.3542                          0.0474                         0.6334                          0.0141
12   REAL         378T387_1           29                         0.0310                          0.1573                         0.0081                          0.1284
13   REAL        THWZEN98_A           52                         0.2551                          0.0339                         0.1888                          0.0146
14   REAL           6200__F           73                         0.0636                          0.0339                         0.0398                          0.0081
15   REAL            WESTEX           49                         0.3454                          0.0343                         0.3211                          0.0099
16   REAL            421__A           46                         0.2587                          0.0351                         0.0708                          0.0285
17   REAL  FORTMA_YELWJC1_1           87                         0.0570                          0.0509                         0.0300                          0.0657

== PERSISTENCE ==
   window        constraint  n_bind_days  p_bind_day  p_bind_given_bind_lag1  p_bind_given_nobind_lag1  lift_lag1  p_fisher_lag1  p_bind_given_bind_lag2  lift_lag2  p_fisher_lag2  p_bind_he_given_bind_same_he_lag1  p_bind_he_base  hours_autocorr_lag1
0    REAL            WHARTN            0       0.000                     NaN                     0.000        NaN            NaN                     NaN        NaN            NaN                                NaN          0.0000                  NaN
1    REAL  BLESSI_PAVLOV1_1           67       0.657                   0.788                     0.429       1.20   4.038044e-04                   0.800       1.22   1.194795e-04                              0.462          0.1609                0.543
2    REAL            E_PASP           97       0.951                   0.958                     0.800       1.01   2.283167e-01                   0.947       1.00   1.000000e+00                              0.741          0.2953                0.289
3    REAL           1710__C            0       0.000                     NaN                     0.000        NaN            NaN                     NaN        NaN            NaN                                NaN          0.0000                  NaN
4    REAL  HARGRO_TWINBU1_1          100       0.980                   0.980                     1.000       1.00            NaN                   0.980       1.00            NaN                              0.502          0.3166                0.524
5    REAL        STPELM27_1            0       0.000                     NaN                     0.000        NaN            NaN                     NaN        NaN            NaN                                NaN          0.0000                  NaN
6    REAL            630__B           11       0.108                   0.273                     0.089       2.53   9.792638e-02                   0.200       1.85   3.023280e-01                              0.022          0.0188                0.073
7    REAL        STPWAP39_1           91       0.892                   0.933                     0.636       1.05   1.181454e-02                   0.899       1.01   5.915967e-01                              0.840          0.3211                0.585
8    REAL            587__A           19       0.186                   0.579                     0.098       3.11   1.776155e-05                   0.368       1.98   4.680765e-02                              0.432          0.0568                0.657
9    REAL             50__A            0       0.000                     NaN                     0.000        NaN            NaN                     NaN        NaN            NaN                                NaN          0.0000                  NaN
10   REAL          35055__A           79       0.775                   0.872                     0.435       1.13   4.971820e-05                   0.870       1.12   2.299787e-04                              0.802          0.1969                0.656
11   REAL           1710__A           85       0.833                   0.881                     0.588       1.06   7.978862e-03                   0.855       1.03   1.592757e-01                              0.647          0.1789                0.483
12   REAL  TREADW_YELWJC1_1           96       0.941                   0.958                     0.667       1.02   3.991748e-02                   0.947       1.01   3.169623e-01                              0.762          0.4657                0.608
13   REAL          SEA_AAT1           84       0.824                   0.952                     0.176       1.16   3.551095e-11                   0.952       1.16   6.671262e-10                              0.836          0.2361                0.746
14   REAL        FB_RS_60_A           50       0.490                   0.776                     0.231       1.58   4.189704e-08                   0.755       1.54   9.710650e-07                              0.649          0.0801                0.703
15   REAL           1715__B           32       0.314                   0.677                     0.157       2.16   9.150132e-07                   0.567       1.81   9.255929e-04                              0.558          0.0519                0.752
16   REAL            107__B           21       0.206                   0.857                     0.037       4.16   4.264762e-14                   0.762       3.70   2.290649e-10                              0.665          0.0952                0.776
17   REAL         378T387_1           29       0.284                   0.929                     0.041       3.27   1.354635e-18                   0.929       3.27   1.822241e-18                              0.815          0.0735                0.917
18   REAL        THWZEN98_A           52       0.510                   0.784                     0.240       1.54   4.189704e-08                   0.640       1.26   2.718408e-02                              0.707          0.0952                0.753
19   REAL           6200__F           73       0.716                   0.833                     0.414       1.16   5.905540e-05                   0.718       1.00   8.107144e-01                              0.453          0.2214                0.483
20   REAL            WESTEX           49       0.480                   0.729                     0.264       1.52   3.578210e-06                   0.574       1.20   1.603847e-01                              0.565          0.2169                0.611
21   REAL   ARROZ_EL_CAM1_1            2       0.020                   0.000                     0.020       0.00            NaN                   0.000       0.00            NaN                              0.000          0.0008               -0.020
22   REAL            421__A           46       0.451                   0.600                     0.321       1.33   8.499469e-03                   0.523       1.16   2.276036e-01                              0.446          0.0511                0.383
23   REAL  FORTMA_YELWJC1_1           87       0.853                   0.884                     0.733       1.04   2.155264e-01                   0.847       0.99   6.873614e-01                              0.468          0.2026                0.463
24   FULL            WHARTN          140       0.138                   0.679                     0.051       4.93   2.579915e-63                   0.557       4.05   1.384379e-39                              0.602          0.0510                0.703
25   FULL  BLESSI_PAVLOV1_1          357       0.351                   0.640                     0.195       1.82   4.468538e-45                   0.569       1.62   7.284376e-26                              0.435          0.0974                0.642
26   FULL            E_PASP          704       0.692                   0.858                     0.323       1.24   1.400272e-63                   0.829       1.20   4.219727e-43                              0.560          0.2334                0.511
27   FULL           1710__C          290       0.285                   0.828                     0.069       2.90  1.574896e-128                   0.779       2.73  6.070748e-105                              0.727          0.0997                0.830
28   FULL  HARGRO_TWINBU1_1          961       0.945                   0.971                     0.518       1.03   1.258262e-22                   0.966       1.02   9.308654e-16                              0.709          0.5031                0.621
29   FULL        STPELM27_1           72       0.071                   0.708                     0.022      10.01   9.344410e-52                   0.653       9.22   4.616994e-44                              0.465          0.0222                0.760
30   FULL            630__B          138       0.136                   0.609                     0.062       4.49   9.172411e-49                   0.460       3.39   1.189538e-24                              0.330          0.0445                0.513
31   FULL        STPWAP39_1          303       0.298                   0.801                     0.085       2.69  1.180955e-114                   0.744       2.50   2.883221e-88                              0.747          0.0873                0.815
32   FULL            587__A          303       0.298                   0.723                     0.118       2.43   1.067830e-80                   0.640       2.15   3.235889e-52                              0.417          0.1275                0.555
33   FULL             50__A           72       0.071                   0.611                     0.030       8.63   8.626345e-39                   0.514       7.26   8.083989e-28                              0.270          0.0181                0.517
34   FULL          35055__A          226       0.222                   0.787                     0.062       3.54  5.110160e-105                   0.750       3.38   1.198612e-90                              0.716          0.0568                0.769
35   FULL           1710__A          110       0.108                   0.807                     0.024       7.46   1.559915e-84                   0.769       7.11   1.381488e-74                              0.640          0.0230                0.792
36   FULL  TREADW_YELWJC1_1          534       0.525                   0.775                     0.248       1.48   5.460214e-66                   0.690       1.31   5.184208e-29                              0.539          0.1996                0.614
37   FULL          SEA_AAT1          254       0.250                   0.799                     0.067       3.20  3.813232e-113                   0.759       3.04   1.211315e-95                              0.696          0.0692                0.808
38   FULL        FB_RS_60_A           56       0.055                   0.745                     0.016      13.54   2.260616e-48                   0.691      12.55   6.363071e-42                              0.607          0.0093                0.743
39   FULL           1715__B           44       0.043                   0.558                     0.021      12.90   5.402655e-25                   0.405       9.36   2.871765e-14                              0.442          0.0070                0.648
40   FULL            107__B           51       0.050                   0.765                     0.012      15.25   5.010318e-49                   0.608      12.12   3.312884e-32                              0.506          0.0200                0.608
41   FULL         378T387_1           29       0.029                   0.929                     0.003      32.56   5.060616e-46                   0.929      32.56   5.193491e-46                              0.815          0.0074                0.936
42   FULL        THWZEN98_A          178       0.175                   0.684                     0.068       3.91   5.399971e-68                   0.619       3.54   4.701909e-52                              0.581          0.0404                0.667
43   FULL           6200__F           85       0.084                   0.821                     0.017       9.83   5.495647e-76                   0.711       8.51   3.843118e-55                              0.479          0.0270                0.706
44   FULL            WESTEX          442       0.435                   0.653                     0.266       1.50   1.851404e-35                   0.511       1.18   1.360672e-05                              0.373          0.1791                0.410
45   FULL   ARROZ_EL_CAM1_1          132       0.130                   0.538                     0.069       4.14   3.582554e-36                   0.432       3.33   2.061663e-21                              0.291          0.0286                0.555
46   FULL            421__A          180       0.177                   0.709                     0.063       4.01   4.086305e-75                   0.646       3.65   3.042506e-58                              0.607          0.0442                0.758
47   FULL  FORTMA_YELWJC1_1          531       0.522                   0.908                     0.103       1.74  7.983641e-166                   0.877       1.68  2.499435e-136                              0.610          0.2474                0.787

== EX-ANTE RULES ==
   window        constraint  lag   side                                          typical_HEs  n_signal_days  n_hours  ev_per_mwh  t_stat  hit_rate_hours  sharpe_daily  worst_hour  max_drawdown_per_mw  ev_uncond_same_hours  p_vs_uncond  ev_sys_part  ev_basis_part  ev_train  ev_test  n_test  t_test  bh_exante_rule_ev  bh_exante_rule_test_window
50   FULL        STPWAP39_1    1  short                                 [14, 15, 16, 17, 18]            302     1510       4.085   10.60           0.687         0.336       -84.0               -536.3                 1.203     0.000029        2.934          1.150     6.335    0.810     615    2.12               True                        True
58   FULL  TREADW_YELWJC1_1    1  short                 [10, 11, 12, 13, 14, 15, 16, 17, 18]            533     4797       1.979    8.89           0.619         0.189      -278.6              -1511.9                 1.315     0.215440        0.990          0.989     3.243    0.663    2349    3.06               True                        True
51   FULL        STPWAP39_1    2  short                                 [14, 15, 16, 17, 18]            301     1505       3.168    7.97           0.691         0.246      -112.7               -597.2                 1.593     0.023209        1.972          1.196     4.596    1.074     610    2.72               True                        True
59   FULL  TREADW_YELWJC1_1    2  short                 [10, 11, 12, 13, 14, 15, 16, 17, 18]            532     4788       1.520    6.34           0.615         0.141      -444.2              -1523.2                 1.820     0.573717        0.922          0.598     2.052    0.964    2340    4.94               True                        True
43   FULL           1710__C    2  short                         [13, 14, 15, 16, 17, 18, 19]            290     2030       3.331    6.08           0.687         0.203      -444.2              -1870.1                 1.792     0.030527        2.285          1.046     3.658    1.838     364    2.73               True                        True
36   FULL            WHARTN    1   long                     [10, 11, 12, 13, 14, 15, 16, 17]            140     1120      -1.789   -5.91           0.404        -0.231       -75.9              -2208.1                -1.432     0.408234       -0.477         -1.312    -3.161    0.040     480    0.08               True                       False
37   FULL            WHARTN    2   long                     [10, 11, 12, 13, 14, 15, 16, 17]            140     1120      -1.646   -5.24           0.404        -0.210       -75.9              -2219.0                -1.455     0.664200       -0.229         -1.417    -3.440    0.746     480    1.50               True                       False
40   FULL            E_PASP    1   long                     [15, 16, 17, 18, 19, 20, 21, 22]            703     5624      -4.284   -4.84           0.347        -0.111     -1414.3             -25281.9                 1.024     0.000095       -3.475         -0.808    -6.283   -2.037    2648   -2.49               True                        True
61   FULL          SEA_AAT1    2  short                             [14, 15, 16, 17, 18, 19]            253     1518       2.034    4.52           0.650         0.153      -150.6               -737.0                 2.605     0.406593        1.271          0.763     3.950    1.371    1128    3.39               True                        True
41   FULL            E_PASP    2   long                     [15, 16, 17, 18, 19, 20, 21, 22]            702     5616      -3.944   -4.43           0.348        -0.102     -1414.3             -24788.7                 0.249     0.001854       -3.172         -0.771    -5.883   -1.770    2648   -2.22               True                        True
68   FULL   ARROZ_EL_CAM1_1    1   long              [5, 6, 7, 8, 9, 13, 18, 19, 20, 21, 22]            132     1452     -10.235   -4.39           0.377        -0.156     -1460.2             -15054.2                -1.423     0.000260       -9.392         -0.843    -3.084  -18.557     671   -3.87               True                        True
60   FULL          SEA_AAT1    1  short                             [14, 15, 16, 17, 18, 19]            254     1524       1.861    4.09           0.654         0.136      -150.6               -932.4                 2.663     0.246875        1.459          0.402     3.511    1.294    1134    3.00               True                        True
42   FULL           1710__C    1  short                         [13, 14, 15, 16, 17, 18, 19]            290     2030       2.530    3.74           0.682         0.129      -578.7              -2050.2                 2.112     0.600147        1.605          0.925     2.766    1.427     357    1.91               True                        True
73   FULL  FORTMA_YELWJC1_1    2   long          [1, 2, 3, 4, 5, 6, 7, 8, 9, 10, 22, 23, 24]            529     6875      -1.956   -3.45           0.450        -0.053     -1460.2             -17347.4                -1.061     0.243954       -1.731         -0.225    -0.165   -3.836    3353   -3.46               True                        True
55   FULL             50__A    2   long            [7, 8, 9, 10, 12, 14, 15, 16, 17, 18, 19]             72      792     -13.807   -3.40           0.422        -0.206     -1397.5              -8321.3                -1.552     0.002673      -13.641         -0.166   -11.377  -16.522     374   -2.58               True                        True
46   FULL        STPELM27_1    1   long                              [1, 4, 5, 6, 7, 21, 23]             72      504     -18.100   -3.35           0.319        -0.175     -1460.2              -9275.5                -0.292     0.001110      -17.979         -0.121     0.867  -23.091     399   -3.40               True                        True
44   FULL  HARGRO_TWINBU1_1    1   long                 [1, 2, 3, 4, 5, 6, 7, 8, 20, 23, 24]            960    10557      -1.786   -3.31           0.439        -0.054     -1460.2             -23018.4                 0.995     0.126087       -1.671         -0.115    -1.133   -2.832    4058   -3.20               True                        True
54   FULL             50__A    1   long            [7, 8, 9, 10, 12, 14, 15, 16, 17, 18, 19]             72      792     -11.332   -3.31           0.385        -0.185     -1300.0              -8242.1                -1.741     0.005446      -11.205         -0.128    -4.888  -18.535     374   -2.90               True                        True
57   FULL          35055__A    2   long                                     [10, 11, 12, 13]            224      896      -0.828   -3.30           0.430        -0.128       -54.1               -886.5                -1.265     0.292487       -0.505         -0.322    -3.645   -0.215     736   -0.80               True                       False
45   FULL  HARGRO_TWINBU1_1    2   long                 [1, 2, 3, 4, 5, 6, 7, 8, 20, 23, 24]            959    10546      -1.711   -3.17           0.442        -0.051     -1460.2             -22041.9                -0.296     0.442312       -1.591         -0.120    -1.026   -2.805    4058   -3.17               True                        True
39   FULL  BLESSI_PAVLOV1_1    2  short   [7, 8, 12, 13, 14, 15, 16, 17, 18, 19, 20, 21, 22]            355     4615       2.575    3.09           0.636         0.099     -1267.8              -3521.9                 2.095     0.643596        1.856          0.720     4.071   -0.046    1677   -0.07               True                       False
66   FULL            WESTEX    1   long    [1, 2, 9, 10, 11, 12, 13, 14, 15, 16, 17, 23, 24]            441     5731      -0.924   -2.77           0.375        -0.077      -129.2              -6552.1                -2.096     0.022222       -0.404         -0.520    -0.880   -0.999    2144   -4.09               True                        True
71   FULL            421__A    2  short                             [10, 12, 13, 14, 15, 16]            178     1068       0.777    2.76           0.588         0.110       -69.8               -276.0                 1.487     0.116773        0.039          0.739    -0.609    0.933     960    3.23               True                        True
69   FULL   ARROZ_EL_CAM1_1    2   long              [5, 6, 7, 8, 9, 13, 18, 19, 20, 21, 22]            132     1452      -5.344   -2.60           0.366        -0.095     -1460.2              -9270.0                -2.153     0.137904       -4.839         -0.505    -0.743  -10.699     671   -2.49               True                        True
47   FULL        STPELM27_1    2   long                              [1, 4, 5, 6, 7, 21, 23]             72      504     -10.516   -2.19           0.339        -0.112     -1460.2              -6633.9                -0.870     0.046463      -11.215          0.698    -0.586  -13.130     399   -2.17               True                        True
52   FULL            587__A    1  short           [1, 2, 3, 4, 5, 6, 10, 11, 12, 13, 23, 24]            303     3634       0.442    1.97           0.581         0.065      -426.8               -743.3                 1.410     0.023000        0.232          0.209     0.693    0.298    2315    1.01               True                       False
67   FULL            WESTEX    2   long    [1, 2, 9, 10, 11, 12, 13, 14, 15, 16, 17, 23, 24]            440     5717      -0.626   -1.77           0.383        -0.050      -164.8              -6101.1                -2.322     0.001057       -0.207         -0.418    -0.427   -0.959    2131   -2.97              False                        True
38   FULL  BLESSI_PAVLOV1_1    1  short   [7, 8, 12, 13, 14, 15, 16, 17, 18, 19, 20, 21, 22]            356     4628       1.130    1.23           0.619         0.041     -1482.9              -4427.8                 2.872     0.109073        0.346          0.784     1.744    0.063    1690    0.12              False                       False
70   FULL            421__A    1  short                             [10, 12, 13, 14, 15, 16]            179     1074       0.407    1.22           0.591         0.051      -165.6               -588.9                 1.567     0.016783       -0.223          0.630     0.966    0.344     966    1.11              False                       False
49   FULL            630__B    2  short    [1, 3, 4, 10, 11, 12, 13, 14, 15, 16, 17, 18, 23]            137     1781       1.155    1.21           0.619         0.064     -1262.9              -2887.6                 1.499     0.724871        0.200          0.956     0.488    2.012     780    3.90              False                        True
62   FULL            107__B    1  short  [9, 10, 12, 13, 14, 15, 16, 17, 18, 21, 22, 23, 24]             51      663      -2.679   -1.11           0.585        -0.097     -1262.9              -2523.3                 2.154     0.048824       -3.067          0.388    -8.450    0.207     442    0.37              False                       False
63   FULL            107__B    2  short  [9, 10, 12, 13, 14, 15, 16, 17, 18, 21, 22, 23, 24]             51      663      -2.573   -1.07           0.599        -0.094     -1262.9              -2471.6                 2.148     0.053326       -3.835          1.262    -8.174    0.228     442    0.49              False                       False
53   FULL            587__A    2  short           [1, 2, 3, 4, 5, 6, 10, 11, 12, 13, 23, 24]            303     3633       0.264    1.03           0.585         0.036      -444.2               -785.2                 1.485     0.005582        0.120          0.144     0.026    0.399    2315    1.33              False                       False
72   FULL  FORTMA_YELWJC1_1    1   long          [1, 2, 3, 4, 5, 6, 7, 8, 9, 10, 22, 23, 24]            530     6888      -0.345   -0.82           0.456        -0.017     -1067.2              -6779.2                -2.812     0.001654        0.005         -0.350     0.458   -1.185    3366   -1.81              False                       False
56   FULL          35055__A    1   long                                     [10, 11, 12, 13]            225      900      -0.182   -0.65           0.460        -0.025       -63.6               -511.9                -1.449     0.003321        0.093         -0.274    -0.862   -0.034     740   -0.11              False                       False
48   FULL            630__B    1  short    [1, 3, 4, 10, 11, 12, 13, 14, 15, 16, 17, 18, 23]            138     1794      -0.201   -0.21           0.584        -0.011     -1262.9              -2982.5                 1.713     0.053543       -0.827          0.626    -1.382    1.290     793    2.54              False                        True
64   FULL        THWZEN98_A    1  short                                 [11, 12, 13, 14, 15]            177      885      -0.065   -0.11           0.574        -0.006      -444.2               -783.5                 1.514     0.013840        0.575         -0.640    -1.158    0.415     615    1.48              False                       False
65   FULL        THWZEN98_A    2  short                                 [11, 12, 13, 14, 15]            176      880       0.058    0.10           0.590         0.005      -444.2               -630.7                 1.486     0.028697        0.459         -0.401    -0.802    0.439     610    1.36              False                       False
34   REAL  FORTMA_YELWJC1_1    1   long                           [4, 5, 6, 7, 8, 9, 10, 11]             86      688       1.290    5.95           0.533         0.290       -10.8               -176.3                 0.271     0.010748        1.198          0.093     0.814    1.921     296    6.11               True                        True
22   REAL           1715__B    1  short                                 [11, 16, 17, 18, 19]             31      155       3.289    4.32           0.690         0.489       -29.4               -127.8                -0.303     0.000269        2.074          1.215     1.831    3.796     115    3.83               True                        True
35   REAL  FORTMA_YELWJC1_1    2   long                           [4, 5, 6, 7, 8, 9, 10, 11]             85      680       0.679    3.75           0.496         0.193       -12.6               -193.5                 3.387     0.000137        0.547          0.132     0.094    1.439     296    5.18               True                        True
15   REAL           1710__A    2  short                                 [14, 15, 16, 17, 18]             83      415       1.442    3.53           0.641         0.236       -36.6               -192.0                -4.257     0.000068        1.037          0.405     1.509    1.373     205    2.01               True                       False
19   REAL          SEA_AAT1    2  short                                 [14, 15, 16, 17, 18]             83      415       1.470    3.49           0.660         0.226       -36.6               -203.4                -4.381     0.000015        1.080          0.391     2.191    0.832     220    1.23               True                       False
14   REAL           1710__A    1  short                                 [14, 15, 16, 17, 18]             84      420       1.375    3.27           0.655         0.210       -36.6               -210.7                -4.262     0.000060        0.861          0.514     1.747    0.985     205    1.42               True                       False
25   REAL            107__B    2  short                     [16, 17, 18, 19, 20, 21, 22, 23]             21      168       2.007    2.54           0.720         0.274       -51.4               -259.0                -0.551     0.116472        2.788         -0.781     2.007      NaN       0     NaN               True                       False
24   REAL            107__B    1  short                     [16, 17, 18, 19, 20, 21, 22, 23]             21      168       1.825    2.35           0.690         0.259       -51.4               -199.4                -0.504     0.151524        2.766         -0.941     1.825      NaN       0     NaN               True                       False
27   REAL        THWZEN98_A    2  short                                 [10, 11, 12, 13, 14]             50      250      -0.817   -2.27           0.480        -0.181       -34.3               -243.1                -0.604     0.661276       -0.299         -0.517    -0.102   -1.655     115   -3.59               True                        True
1    REAL  BLESSI_PAVLOV1_1    2  short                 [10, 11, 12, 13, 14, 15, 16, 17, 20]             65      585       0.874    1.73           0.590         0.164      -129.1               -220.5                -1.866     0.002549        0.987         -0.113     1.301    0.233     234    0.22              False                       False
18   REAL          SEA_AAT1    1  short                                 [14, 15, 16, 17, 18]             84      420       0.816    1.69           0.652         0.103       -51.4               -203.4                -1.652     0.009958        0.871         -0.055     0.799    0.832     220    1.23              False                       False
23   REAL           1715__B    2  short                                 [11, 16, 17, 18, 19]             30      150       1.740    1.68           0.607         0.188       -67.3               -175.9                 0.392     0.250526        0.999          0.741    -0.992    2.572     115    1.96              False                       False
32   REAL            421__A    1  short                                 [10, 11, 13, 14, 16]             45      225      -0.661   -1.45           0.507        -0.132       -51.4               -200.6                -0.614     0.937988       -0.293         -0.368    -0.098   -1.199     115   -2.38              False                        True
6    REAL            630__B    1  short                                     [1, 2, 3, 7, 10]             11       55      -0.610   -1.31           0.473        -0.300        -8.5                -21.0                -1.112     0.369445       -0.825          0.215    -0.683   -0.482      20   -0.59              False                       False
28   REAL           6200__F    1  short                 [11, 13, 14, 15, 16, 17, 18, 19, 20]             72      648       0.739    1.29           0.617         0.090      -140.1               -380.7                -0.133     0.379416        1.054         -0.316     1.031    0.329     270    0.29              False                       False
10   REAL            587__A    1  short                    [3, 4, 5, 6, 7, 8, 9, 11, 12, 23]             19      190      -2.920   -1.28           0.553        -0.222      -426.8               -603.4                -0.614     0.317235       -2.855         -0.065    -0.273  -10.332      50   -1.20              False                       False
33   REAL            421__A    2  short                                 [10, 11, 13, 14, 16]             44      220      -0.437   -1.26           0.505        -0.140       -16.7               -191.8                -0.785     0.536186       -0.697          0.260     0.480   -1.354     110   -2.67              False                        True
30   REAL            WESTEX    1   long          [9, 10, 11, 12, 13, 14, 15, 16, 17, 18, 19]             48      528      -0.401   -1.24           0.386        -0.074       -32.3               -759.9                 0.344     0.143448       -0.796          0.395    -0.517   -0.145     165   -0.25              False                       False
11   REAL            587__A    2  short                    [3, 4, 5, 6, 7, 8, 9, 11, 12, 23]             19      190      -2.829   -1.24           0.516        -0.215      -426.8               -573.2                -0.635     0.340985       -2.542         -0.287     0.189  -11.280      50   -1.32              False                       False
17   REAL  TREADW_YELWJC1_1    2  short         [10, 11, 12, 13, 14, 15, 16, 17, 18, 19, 20]             94     1034       0.498    1.21           0.579         0.073      -140.1               -603.6                -2.569     0.004223        0.767         -0.269     0.733    0.230     484    0.31              False                       False
9    REAL        STPWAP39_1    2  short                             [13, 14, 15, 16, 17, 18]             89      534       0.466    1.21           0.622         0.068       -51.4               -266.8                -1.424     0.138523        1.000         -0.534     0.369    0.585     240    0.99              False                       False
0    REAL  BLESSI_PAVLOV1_1    1  short                 [10, 11, 12, 13, 14, 15, 16, 17, 20]             66      594       0.536    0.95           0.586         0.085      -140.1               -520.0                -1.323     0.025338        0.586         -0.050     1.595   -1.094     234   -0.89              False                       False
20   REAL        FB_RS_60_A    1   long                                     [14, 15, 16, 17]             49      196       0.642    0.88           0.439         0.076       -23.3               -171.1                -0.965     0.071873       -0.031          0.673     3.839   -0.513     144   -0.69              False                       False
29   REAL           6200__F    2  short                 [11, 13, 14, 15, 16, 17, 18, 19, 20]             71      639       0.544    0.87           0.603         0.064      -140.1               -479.7                 0.341     0.810638        0.647         -0.103     0.811    0.178     270    0.14              False                       False
16   REAL  TREADW_YELWJC1_1    1  short         [10, 11, 12, 13, 14, 15, 16, 17, 18, 19, 20]             95     1045       0.346    0.84           0.578         0.050      -140.1               -701.9                -0.953     0.188393        0.572         -0.225     0.447    0.230     484    0.31              False                       False
8    REAL        STPWAP39_1    1  short                             [13, 14, 15, 16, 17, 18]             90      540       0.307    0.79           0.609         0.044       -51.4               -364.6                -0.392     0.577574        0.751         -0.443     0.036    0.647     240    1.08              False                       False
7    REAL            630__B    2  short                                     [1, 2, 3, 7, 10]             10       50      -0.246   -0.59           0.500        -0.122        -7.5                -23.3                -1.146     0.085930       -0.361          0.115    -0.479    0.102      20    0.12              False                       False
26   REAL        THWZEN98_A    1  short                                 [10, 11, 12, 13, 14]             51      255      -0.177   -0.55           0.518        -0.043       -34.3               -201.9                -1.238     0.028431        0.537         -0.714     0.697   -1.161     120   -2.88              False                        True
3    REAL            E_PASP    2   long                             [17, 18, 19, 20, 21, 22]             95      570      -0.736   -0.53           0.318        -0.031       -89.6              -1989.0                 6.421     0.007271       -0.472         -0.263    -3.444    2.403     264    0.86              False                       False
21   REAL        FB_RS_60_A    2   long                                     [14, 15, 16, 17]             49      196      -0.295   -0.47           0.423        -0.044       -23.3               -181.7                -0.098     0.823464       -0.279         -0.016    -0.073   -0.367     148   -0.50              False                       False
13   REAL          35055__A    2   long                                     [14, 15, 16, 17]             77      308      -0.183   -0.35           0.377        -0.024       -23.3               -431.5                -0.222     0.968729       -0.542          0.359    -0.175   -0.195     136   -0.26              False                       False
4    REAL  HARGRO_TWINBU1_1    1   long      [1, 2, 3, 6, 9, 14, 15, 17, 18, 19, 20, 23, 24]             99     1287       0.168    0.32           0.409         0.020       -82.5              -1494.0                 0.467     0.821265        0.128          0.041    -0.263    0.730     559    0.68              False                       False
31   REAL            WESTEX    2   long          [9, 10, 11, 12, 13, 14, 15, 16, 17, 18, 19]             47      517      -0.094   -0.25           0.410        -0.016       -60.8               -711.7                 0.068     0.754413        0.032         -0.126    -0.288    0.319     165    0.39              False                       False
2    REAL            E_PASP    1   long                             [17, 18, 19, 20, 21, 22]             96      576      -0.229   -0.17           0.342        -0.010       -89.6              -1825.2                -0.499     0.911348        0.071         -0.299    -2.456    2.403     264    0.86              False                       False
12   REAL          35055__A    1   long                                     [14, 15, 16, 17]             78      312      -0.058   -0.11           0.372        -0.008       -23.3               -412.4                -0.632     0.555691       -0.498          0.440    -0.238    0.176     136    0.24              False                       False
5    REAL  HARGRO_TWINBU1_1    2   long      [1, 2, 3, 6, 9, 14, 15, 17, 18, 19, 20, 23, 24]             98     1274      -0.022   -0.04           0.403        -0.003       -82.5              -1567.2                 5.047     0.000530       -0.058          0.036    -0.527    0.625     559    0.58              False                       False

TALLY {
 "expost_bind_excess|FULL": {
  "n_tests": 48,
  "n_p_lt_05": 31,
  "n_bh_q10": 31,
  "n_bonf_05": 17
 },
 "expost_bind_excess|REAL": {
  "n_tests": 37,
  "n_p_lt_05": 18,
  "n_bh_q10": 18,
  "n_bonf_05": 10
 },
 "exante_rule_ev|FULL": {
  "n_tests": 38,
  "n_p_lt_05": 26,
  "n_bh_q10": 26,
  "n_bonf_05": 19
 },
 "exante_rule_ev|REAL": {
  "n_tests": 36,
  "n_p_lt_05": 9,
  "n_bh_q10": 9,
  "n_bonf_05": 6
 },
 "exante_rule_test_window|FULL": {
  "n_tests": 38,
  "n_p_lt_05": 23,
  "n_bh_q10": 24,
  "n_bonf_05": 8
 },
 "exante_rule_test_window|REAL": {
  "n_tests": 36,
  "n_p_lt_05": 8,
  "n_bh_q10": 7,
  "n_bonf_05": 4
 },
 "persistence_fisher_lag1": {
  "n_tests": 48,
  "n_p_lt_05": 39,
  "n_bh_q10": 39
 },
 "persistence_fisher_lag2": {
  "n_tests": 48,
  "n_p_lt_05": 33,
  "n_bh_q10": 33
 }
}
